LANDSAT 8
1 39084U 13008A   26089.19243514  .00000477  00000+0  11580-3 0  9995
2 39084  98.1882 160.5779 0001191  94.4130 265.7205 14.57129742686391
SENTINEL-1A
1 39634U 14016A   26089.16751928 -.00000157  00000+0 -23561-4 0  9996
2 39634  98.1817  97.8448 0001323  84.4732 275.6618 14.59198637638496
SENTINEL-2A
1 40697U 15028A   26089.19376509  .00000042  00000+0  32581-4 0  9995
2 40697  98.5624 165.1854 0001296  95.1472 264.9858 14.30820608562432
SENTINEL-3A
1 41335U 16011A   26089.18016360  .00000148  00000+0  79065-4 0  9998
2 41335  98.6307 157.6781 0001173  93.1348 266.9966 14.26733914526799
SENTINEL-2B
1 42063U 17013A   26089.18651363  .00000063  00000+0  40501-4 0  9997
2 42063  98.5678 165.0861 0001159  95.3801 264.7514 14.30814682473346
SENTINEL-5P
1 42969U 17064A   26088.12938447  .00000067  00000+0  52844-4 0  9999
2 42969  98.7908  30.8392 0001184  90.9940 269.1372 14.19503880438209
SENTINEL-3B
1 43437U 18039A   26089.15329641  .00000146  00000+0  78366-4 0  9992
2 43437  98.6306 157.7994 0001467 116.2621 243.8710 14.26733570412857
SENTINEL-6A
1 46984U 20086A   26088.99459484 -.00000024  00000+0  16124-3 0  9996
2 46984  66.0409 299.5395 0007724 270.8192  89.1938 12.80930439250182
LANDSAT 9
1 49260U 21088A   26089.15827767  .00000494  00000+0  11955-3 0  9998
2 49260  98.1904 160.6104 0001164  95.8533 264.2799 14.57118160239497
SENTINEL-2C
1 60989U 24157A   26089.15158188  .00000161  00000+0  78127-4 0  9999
2 60989  98.5657 165.0704 0001131 115.8142 244.3157 14.30821827 81680
SENTINEL-1C
1 62261U 24235A   26089.20112844  .00000189  00000+0  49877-4 0  9996
2 62261  98.1822  97.6346 0001348  91.1125 269.0229 14.59198397 69897
SENTINEL-1D
1 66315U 25251A   26089.03552815  .00000058  00000+0  22031-4 0  9994
2 66315  98.1823  97.5126 0001336  89.0198 271.1154 14.59198511 21189
SENTINEL-6B
1 66514U 25264A   26088.99493572 -.00000021  00000+0  17258-3 0  9992
2 66514  66.0410 299.6648 0007895 270.4357  89.5753 12.80930232 17029
