STARLINK-1008           
1 44714U 19074B   26089.19330400  .00060781  00000+0  18859-2 0  9990
2 44714  53.1547  83.2727 0002408  82.9508 277.1768 15.32841992352015
STARLINK-1012           
1 44718U 19074F   26089.18430947  .00059363  00000+0  18917-2 0  9999
2 44718  53.1593  83.4905 0002817  77.7989 282.3328 15.31998838352009
STARLINK-1017           
1 44723U 19074L   26089.18675005  .00053744  00000+0  20671-2 0  9998
2 44723  53.0476  76.7621 0002918  89.5972 270.5359 15.25900100352099
STARLINK-1019           
1 44724U 19074M   26089.05172442  .00255876  00000+0  90239-3 0  9990
2 44724  53.0399  33.8585 0000955 203.5857 156.5123 15.87903995352675
STARLINK-1020           
1 44725U 19074N   26087.34568333  .00051217  00000+0  16824-2 0  9999
2 44725  53.1619 117.1618 0001979  72.2940 287.8277 15.31092311351369
STARLINK-1031           
1 44736U 19074Z   26089.16807654  .00590541  17789-3  84193-3 0  9994
2 44736  53.0350  14.6987 0002346 144.3205 215.7983 16.04988197352964
STARLINK-1036           
1 44741U 19074AE  26089.20510950  .00122500  00000+0  14742-2 0  9997
2 44741  53.0477  88.9253 0005183  26.3998 333.7277 15.59946738351926
STARLINK-1039           
1 44744U 19074AH  26087.38951826  .00038165  00000+0  15992-2 0  9999
2 44744  53.0588 129.0411 0001074 314.4320  45.6588 15.23184139351205
STARLINK-1042           
1 44747U 19074AL  26089.02419049  .00033542  00000+0  57499-3 0  9994
2 44747  53.0451 357.1517 0001582 147.0939 213.0168 15.50916407353228
STARLINK-1043           
1 44748U 19074AM  26089.04051106  .00039519  00000+0  58322-3 0  9999
2 44748  53.0509  96.2087 0002589  89.1677 270.9630 15.54995878351811
STARLINK-1046           
1 44751U 19074AQ  26089.05580972  .00039122  00000+0  80317-3 0  9991
2 44751  53.0528 113.9102 0002431 283.8031  76.2704 15.45657329351561
STARLINK-1047           
1 44752U 19074AR  26089.16575707  .00015013  00000+0  47453-3 0  9991
2 44752  53.0697  50.3183 0001679 320.7205  39.3674 15.33027788352484
STARLINK-1048           
1 44753U 19074AS  26089.21296890  .00119951  00000+0  16032-2 0  9995
2 44753  53.0510  69.5775 0002635  78.4721 281.6586 15.57182318352190
STARLINK-1053           
1 44758U 19074AX  26089.16189699  .01108723  80818-3  93138-3 0  9990
2 44758  53.0218 337.5437 0006236 211.2000 148.8666 16.13212404353480
STARLINK-1063           
1 44768U 19074BH  26089.18652132  .00053086  00000+0  17022-2 0  9998
2 44768  53.1573 124.0899 0002918  60.5854 299.5438 15.31849492351450
STARLINK-1067           
1 44771U 19074BL  26089.20650605  .00128428  00000+0  14784-2 0  9993
2 44771  53.0493 104.3621 0006037  47.7214 312.4310 15.61076264351716
STARLINK-1068           
1 44772U 19074BM  26089.18155098  .00071574  00000+0  67074-3 0  9997
2 44772  53.0458  79.2689 0004661  22.4188 337.7030 15.66575273352059
STARLINK-1114           
1 44927U 20001P   26088.89914888  .00110453  00000+0  16772-2 0  9996
2 44927  53.0466 232.0936 0005209 202.8080 157.2698 15.53746266343231
STARLINK-1123           
1 44930U 20001S   26089.16145720  .00056833  00000+0  19335-2 0  9991
2 44930  53.1492 250.1637 0001302  13.8356 346.2680 15.29911324343008
STARLINK-1094           
1 44941U 20001AD  26087.88366920  .00047230  00000+0  15503-2 0  9991
2 44941  53.1570 230.3792 0001371  86.1202 273.9956 15.31152804343171
STARLINK-1122           
1 44949U 20001AM  26088.10830341  .00000474  00000+0  28120-4 0  9998
2 44949  53.1624 229.4072 0001283 101.0092 259.1053 15.30196201343201
STARLINK-1080           
1 44961U 20001AZ  26089.00553436  .00101903  00000+0  17319-2 0  9994
2 44961  53.0500 190.8678 0002495 207.7318 152.3557 15.50656333343821
STARLINK-1090           
1 44968U 20001BG  26089.06196881  .00042852  00000+0  14522-2 0  9994
2 44968  53.1553 211.8877 0001278  29.3197 330.7875 15.30164398343539
STARLINK-1132           
1 45044U 20006A   26089.17009846  .00067635  00000+0  13706-2 0  9990
2 45044  53.1561 156.7314 0004582 313.0516  47.0107 15.45791123340098
STARLINK-1131           
1 45047U 20006D   26088.97880551  .00013537  00000+0  46733-3 0  9999
2 45047  53.1586 186.7352 0000742  89.3368 270.7718 15.30270048339650
STARLINK-1134           
1 45048U 20006E   26089.13102229  .00041452  00000+0  83945-3 0  9991
2 45048  53.0321 140.9044 0005511 267.3104  92.7271 15.46019398340308
STARLINK-1156           
1 45054U 20006L   26089.00520552  .00000953  00000+0  44300-4 0  9991
2 45054  53.1619 186.6286 0001173  79.5506 280.5627 15.30196865339656
STARLINK-1159           
1 45057U 20006P   26089.25002314  .00190248  00000+0  63495-3 0  9994
2 45057  53.0442 130.7811 0003555  34.1384 350.2803 15.89175302  5998
STARLINK-1166           
1 45060U 20006S   26089.18656779  .00084479  00000+0  15544-2 0  9999
2 45060  53.0503 174.7908 0002019 304.6002  55.4814 15.48490337339833
STARLINK-1169           
1 45061U 20006T   26088.96842318  .00025135  00000+0  83058-3 0  9991
2 45061  53.1594 186.7526 0002649  49.8695 310.2538 15.31246212339657
STARLINK-1171           
1 45062U 20006U   26089.14847188  .00068370  00000+0  65654-3 0  9993
2 45062  53.0440 149.0755 0003926  32.5598 327.5658 15.65989940340197
STARLINK-1133           
1 45064U 20006W   26089.17429936  .00000381  00000+0  25005-4 0  9990
2 45064  53.1596 162.6511 0001263  80.1265 279.9878 15.30185489340018
STARLINK-1167           
1 45071U 20006AD  26087.63791105  .00050957  00000+0  16945-2 0  9992
2 45071  53.1586 169.8754 0002300  40.2897 319.8274 15.30698883339776
STARLINK-1168           
1 45072U 20006AE  26089.22066565  .00004157  00000+0  15232-3 0  9995
2 45072  53.1608 162.6448 0001351  89.6696 270.4459 15.30215523340014
STARLINK-1172           
1 45074U 20006AG  26088.68452345  .00057897  00000+0  18553-2 0  9998
2 45074  53.1571 164.8432 0002068  35.6256 324.4883 15.31831900339935
STARLINK-1153           
1 45080U 20006AN  26088.92793491  .00057091  00000+0  18839-2 0  9995
2 45080  53.1618 163.7949 0003037  34.9866 325.1334 15.30894357339978
STARLINK-1151           
1 45081U 20006AP  26087.58350433  .00077298  00000+0  68840-3 0  9991
2 45081  53.0522 146.8542 0003945  36.5451 323.5833 15.67806331340084
STARLINK-1185           
1 45087U 20006AV  26089.25002314  .00014883  00000+0  39139-3 0  9995
2 45087  53.1616 146.3383 0001269  87.2923 355.4791 15.38818053  5804
STARLINK-1183           
1 45088U 20006AW  26089.13101721  .00001379  00000+0  58710-4 0  9998
2 45088  53.1591 147.6331 0001446  87.5145 272.6022 15.30187439340213
STARLINK-1152           
1 45096U 20006BE  26088.07051027  .00055938  00000+0  13444-2 0  9995
2 45096  53.0381 114.8904 0003119 332.1284  27.9553 15.40806912340576
STARLINK-1184           
1 45098U 20006BG  26089.17419911  .00025481  00000+0  15099-2 0  9997
2 45098  53.0528 152.8348 0002801 192.6263 167.4658 15.11250416340136
STARLINK-1193           
1 45100U 20006BJ  26088.15555669  .00043243  00000+0  54858-3 0  9992
2 45100  53.0508 135.9470 0005775  35.6507 324.4889 15.59012583340286
STARLINK-1143           
1 45179U 20012B   26089.25002314  .00252334  00000+0  21700-2 0  9993
2 45179  53.0439 228.9451 0004239 202.0981 145.1486 15.68016794  5947
STARLINK-1202           
1 45183U 20012F   26089.00140779  .00002144  00000+0  84500-4 0  9990
2 45183  53.1582 304.9064 0001182  83.3615 276.7521 15.30193510338069
STARLINK-1216           
1 45185U 20012H   26088.99192260  .00000773  00000+0  38224-4 0  9999
2 45185  53.1592 304.9281 0001400  90.6238 269.4923 15.30194010338003
STARLINK-1225           
1 45187U 20012K   26088.98880627  .00005195  00000+0  18727-3 0  9999
2 45187  53.1613 305.3810 0001603  95.3274 264.7909 15.30225711338048
STARLINK-1230           
1 45189U 20012M   26088.99832486  .00001106  00000+0  49482-4 0  9993
2 45189  53.1601 305.3992 0001516  91.5387 268.5787 15.30191090335274
STARLINK-1234           
1 45190U 20012N   26087.81799976  .00068121  00000+0  66180-3 0  9994
2 45190  53.0394 231.5063 0006372 353.3697   6.7232 15.65685685338873
STARLINK-1269           
1 45197U 20012V   26089.19108137 -.00001634  00000+0 -43044-4 0  9990
2 45197  53.1592 304.3627 0001388  81.4838 278.6320 15.30195211338055
STARLINK-1154           
1 45198U 20012W   26088.00002314  .00109691  00000+0  19699-2 0  9997
2 45198  53.0463 277.6685 0005170 165.8205 226.8035 15.49046106  5862
STARLINK-1199           
1 45201U 20012Z   26087.98470369  .00003331  00000+0  12449-3 0  9998
2 45201  53.1578 294.2130 0001114  87.7219 272.3909 15.30207929338111
STARLINK-1209           
1 45206U 20012AE  26088.11251582  .00098538  00000+0  14595-2 0  9999
2 45206  53.0450 239.8434 0008573 336.0338  24.0272 15.54460455337939
STARLINK-1231           
1 45212U 20012AL  26088.97103625  .00051259  00000+0  21663-2 0  9997
2 45212  53.0408 282.5195 0003595 170.9137 189.1925 15.22755658338317
STARLINK-1271           
1 45217U 20012AR  26087.98260916  .00001412  00000+0  59765-4 0  9991
2 45217  53.1586 294.3469 0001212  76.5451 283.5685 15.30210025338112
STARLINK-1191           
1 45222U 20012AW  26088.18908354  .00074037  00000+0  23620-2 0  9997
2 45222  53.1573 268.1505 0000646 308.5776  51.5167 15.31862057338502
STARLINK-1212           
1 45223U 20012AX  26089.17359243  .00127400  00000+0  17819-2 0  9991
2 45223  53.0463 251.2008 0003878 220.3297 139.7426 15.55922338338827
STARLINK-1215           
1 45225U 20012AZ  26088.90328070  .00001531  00000+0  63801-4 0  9997
2 45225  53.1584 264.4137 0001138  88.4724 271.6407 15.30196133338574
STARLINK-1221           
1 45227U 20012BB  26087.96336020  .00018559  00000+0  42799-3 0  9998
2 45227  53.0651 178.2332 0003682  73.3801 286.7608 15.42636764339689
STARLINK-1222           
1 45228U 20012BC  26089.12294664  .00035181  00000+0  60491-3 0  9995
2 45228  53.0532 244.7486 0002696 144.2878 215.8311 15.50805711338797
STARLINK-1226           
1 45229U 20012BD  26089.25002314  .00044187  00000+0  12018-2 0  9996
2 45229  53.1575 262.8694 0001302 106.0642 327.3423 15.37127988  5743
STARLINK-1227           
1 45230U 20012BE  26089.25002314  .00043246  00000+0  11792-2 0  9991
2 45230  53.1558 263.0304 0000915 101.6960 257.2190 15.37057475  5701
STARLINK-1246           
1 45235U 20012BK  26089.00456692  .00001747  00000+0  71094-4 0  9994
2 45235  53.1591 304.8876 0001260  97.7654 262.3490 15.30197409338085
STARLINK-1270           
1 45237U 20012BM  26089.16941778  .00102268  00000+0  17616-2 0  9995
2 45237  53.0478 249.4832 0001399 228.2468 131.8420 15.50275401338841
STARLINK-1279           
1 45360U 20019A   26089.01828273  .00148213  00000+0  16924-2 0  9998
2 45360  53.0425 359.7887 0002858 179.8846 180.2168 15.61223625333842
STARLINK-1301           
1 45361U 20019B   26089.01674671  .00081457  00000+0  73165-3 0  9997
2 45361  53.0439   4.1279 0000835 248.2259 111.8667 15.67581827333791
STARLINK-1262           
1 45366U 20019G   26089.19193615 -.00000718  00000+0 -12533-4 0  9991
2 45366  53.1565  69.9973 0001622  87.4050 272.7136 15.29342892332897
STARLINK-1273           
1 45367U 20019H   26089.09613006  .00084357  00000+0  16272-2 0  9993
2 45367  53.0504  57.5270 0004114  75.8069 284.3395 15.47125911333059
STARLINK-1277           
1 45369U 20019K   26089.19070934  .00102734  00000+0  16446-2 0  9996
2 45369  53.0498  54.1523 0005887  84.0856 276.0823 15.52315821333119
STARLINK-1281           
1 45370U 20019L   26089.18028588 -.00000160  00000+0  67269-5 0  9998
2 45370  53.1618  70.1132 0001642  97.0103 263.1084 15.30184248332897
STARLINK-1300           
1 45374U 20019Q   26089.20240523 -.00000922  00000+0 -19008-4 0  9994
2 45374  53.1611  70.0141 0001445  92.3367 267.7799 15.30181185332894
STARLINK-1302           
1 45375U 20019R   26089.07437544  .00118016  00000+0  15697-2 0  9991
2 45375  53.0523  53.1512 0003379  42.4690 317.6583 15.57319281333114
STARLINK-1304           
1 45376U 20019S   26089.08612226  .00105633  00000+0  17344-2 0  9997
2 45376  53.0492  51.6342 0003685  67.9683 292.1717 15.51604994333138
STARLINK-1305           
1 45377U 20019T   26089.08482931  .00124841  00000+0  16852-2 0  9991
2 45377  53.0431  33.6494 0004296 148.9795 211.1470 15.56890118333398
STARLINK-1319           
1 45379U 20019V   26089.15161859  .00077621  00000+0  69396-3 0  9999
2 45379  53.0449  29.0703 0002983 114.3916 245.7411 15.67712960333460
STARLINK-1266           
1 45383U 20019Z   26089.13820755  .00097104  00000+0  17811-2 0  9991
2 45383  53.0501  35.2793 0004968  90.9741 269.1835 15.48504437333368
STARLINK-1267           
1 45384U 20019AA  26089.10414149  .00111635  00000+0  17213-2 0  9997
2 45384  53.0504  28.8221 0001316  10.9364 349.1674 15.53329744333455
STARLINK-1272           
1 45386U 20019AC  26089.06648553  .00126615  00000+0  15348-2 0  9993
2 45386  53.0444  10.8003 0003176 171.9582 188.1481 15.59747071333703
STARLINK-1274           
1 45387U 20019AD  26089.04980330  .00099578  00000+0  17109-2 0  9998
2 45387  53.0289   5.3724 0002322 264.9806  95.0937 15.50358991333773
STARLINK-1280           
1 45388U 20019AE  26089.06335465  .00084705  00000+0  74381-3 0  9996
2 45388  53.0436  22.2241 0001881 131.2862 228.8316 15.68120396333533
STARLINK-1283           
1 45389U 20019AF  26089.15778723  .00063100  00000+0  66768-3 0  9991
2 45389  53.0447  10.2851 0000926 111.0150 249.0963 15.63580670333729
STARLINK-1284           
1 45390U 20019AG  26089.13579646  .00113227  00000+0  16230-2 0  9998
2 45390  53.0475  32.3482 0004935  97.8123 262.3447 15.55313785333404
STARLINK-1297           
1 45395U 20019AM  26089.17759269  .00121742  00000+0  15718-2 0  9999
2 45395  53.0471  31.4796 0005906 100.6303 259.5374 15.58085977332605
STARLINK-1307           
1 45397U 20019AP  26089.05027316  .00044684  00000+0  73057-3 0  9999
2 45397  53.0558  32.9632 0002034  85.8100 274.3141 15.52110173333212
STARLINK-1255           
1 45399U 20019AR  26089.01566339  .00108433  00000+0  15413-2 0  9994
2 45399  53.0416   4.6403 0001441 115.0365 245.0794 15.55572291333595
STARLINK-1260           
1 45404U 20019AW  26089.13819865  .00053496  00000+0  17487-2 0  9990
2 45404  53.1578  34.2237 0001049 112.7040 247.4072 15.31230968333102
STARLINK-1263           
1 45405U 20019AX  26089.12968164  .00003863  00000+0  14247-3 0  9992
2 45405  53.1601  34.3288 0000863 103.1068 257.0029 15.30203935333106
STARLINK-1265           
1 45406U 20019AY  26089.07601468  .00100616  00000+0  32595-2 0  9997
2 45406  53.1595  34.6198 0001802 110.5510 249.5685 15.31214623333099
STARLINK-1278           
1 45408U 20019BA  26089.12018117  .00132740  00000+0  16375-2 0  9999
2 45408  53.0454  31.2108 0003636 113.5926 246.5468 15.59259619333145
STARLINK-1296           
1 45412U 20019BE  26089.12994111  .00066594  00000+0  21356-2 0  9999
2 45412  53.1588  34.2165 0002375 132.1041 228.0163 15.31744834333100
STARLINK-1309           
1 45414U 20019BG  26089.04404756  .00122353  00000+0  15481-2 0  9991
2 45414  53.0669  24.9877 0006890 108.1092 252.0671 15.58613618333208
STARLINK-1316           
1 45415U 20019BH  26089.10985392  .00063734  00000+0  20447-2 0  9994
2 45415  53.1608  34.3597 0001491 143.6507 216.4596 15.31752754333121
STARLINK-1286           
1 45417U 20019BK  26089.08907226  .00047847  00000+0  77220-3 0  9992
2 45417  53.0497  32.5906 0003807 111.1313 249.0104 15.52437031333397
STARLINK-1308           
1 45419U 20019BM  26089.09014016  .00103176  00000+0  15410-2 0  9991
2 45419  53.0529  53.8632 0005661  92.6662 267.4996 15.54231780332844
STARLINK-1329           
1 45531U 20025A   26089.07474207  .00069429  00000+0  68691-3 0  9995
2 45531  53.0467 342.0085 0000694 130.1977 229.9098 15.65242221328635
STARLINK-1338           
1 45532U 20025B   26088.99276151  .00112733  00000+0  14601-2 0  9992
2 45532  53.0491 346.3496 0004092  89.8602 270.2879 15.58049060328563
STARLINK-1350           
1 45535U 20025E   26088.89148840  .00014911  00000+0  42077-3 0  9995
2 45535  53.0728 298.2312 0002123 107.9506 252.1728 15.36623828329265
STARLINK-1362           
1 45538U 20025H   26089.03331038 -.00114385  00000+0 -38929-2 0  9996
2 45538  53.1620   6.4955 0001513  77.7311 282.3859 15.30334467328296
STARLINK-1368           
1 45540U 20025K   26089.04372465  .00001091  00000+0  48960-4 0  9994
2 45540  53.1617   6.7844 0001392  90.4952 269.6209 15.30191877328285
STARLINK-1371           
1 45542U 20025M   26089.01073295  .00099004  00000+0  16981-2 0  9999
2 45542  53.0508 352.0993 0002112 123.2003 236.9207 15.50412048328485
STARLINK-1372           
1 45543U 20025N   26089.15113468 -.00000642  00000+0 -95472-5 0  9999
2 45543  53.1621   5.9817 0001371  93.3241 266.7917 15.30192931327403
STARLINK-1373           
1 45544U 20025P   26089.03910561  .00103272  00000+0  15408-2 0  9995
2 45544  53.0498 350.9496 0004478  97.0955 263.0564 15.54266438328505
STARLINK-1327           
1 45555U 20025AA  26088.94992481  .00065083  00000+0  86260-3 0  9999
2 45555  53.0462 328.5282 0006164 138.1474 222.0010 15.57668613328807
STARLINK-1356           
1 45564U 20025AK  26088.96023020  .00088185  00000+0  16580-2 0  9990
2 45564  53.0513 337.1178 0005137 115.9539 244.1998 15.47839184328686
STARLINK-1357           
1 45565U 20025AL  26089.18166895  .00145052  00000+0  17505-2 0  9999
2 45565  53.0496 298.5448 0004240 199.1979 160.8874 15.59786067329258
STARLINK-1361           
1 45567U 20025AN  26089.20156306  .00107421  00000+0  17924-2 0  9993
2 45567  53.0502 335.5680 0006854 106.6884 253.4877 15.51127995328734
STARLINK-1363           
1 45568U 20025AP  26088.94845529  .00171743  00000+0  81463-3 0  9994
2 45568  53.0396 296.1584 0005081 137.1847 222.9571 15.81939988329256
STARLINK-1366           
1 45569U 20025AQ  26088.00002314  .00204632  00000+0  10444-2 0  9993
2 45569  53.0401 301.8651 0005731 128.9206  65.8007 15.80249456  5906
STARLINK-1376           
1 45570U 20025AR  26089.02365955  .00060142  00000+0  19266-2 0  9998
2 45570  53.1624 343.2633 0001676 157.3281 202.7795 15.31826067328616
STARLINK-1320           
1 45572U 20025AT  26088.15573642  .00114844  00000+0  86077-3 0  9991
2 45572  53.0460 249.4522 0004767 102.2263 257.9289 15.71797302329863
STARLINK-1321           
1 45573U 20025AU  26089.06767164  .00100371  00000+0  16404-2 0  9993
2 45573  53.0486 320.6846 0004053 143.1578 216.9710 15.51757374328624
STARLINK-1331           
1 45578U 20025AZ  26089.14071214  .00094610  00000+0  15524-2 0  9991
2 45578  53.0527 327.0311 0005364 163.2381 196.8806 15.51668465328853
STARLINK-1333           
1 45580U 20025BB  26089.00626218 -.00000945  00000+0 -19804-4 0  9996
2 45580  53.1614 343.4438 0001287  99.2023 260.9123 15.30185340328619
STARLINK-1335           
1 45581U 20025BC  26088.96169332 -.00000513  00000+0 -54467-5 0  9996
2 45581  53.1563 341.0035 0001289  85.1772 274.9376 15.29349067328630
STARLINK-1337           
1 45582U 20025BD  26089.18807741  .00123266  00000+0  13732-2 0  9991
2 45582  53.0528 321.9427 0004880 171.4675 188.6422 15.61954276328918
STARLINK-1347           
1 45586U 20025BH  26088.00002314  .00155118  00000+0  20139-2 0  9998
2 45586  53.0430 295.9706 0003734 142.3183 137.3711 15.57813304  5928
STARLINK-1364           
1 45589U 20025BL  26088.91728868  .00098696  00000+0  15431-2 0  9996
2 45589  53.0501 325.9507 0007125 137.0633 223.0933 15.52981880328839
STARLINK-1365           
1 45590U 20025BM  26089.14966471  .00108263  00000+0  19872-2 0  9993
2 45590  53.0523 355.8273 0004408 123.4261 236.7168 15.48431909328450
STARLINK-1443           
1 45660U 20035D   26089.08350257  .00040773  00000+0  15298-2 0  9993
2 45660  53.1360 330.7315 0003301 136.5843 223.5416 15.26848716321872
STARLINK-1446           
1 45663U 20035G   26088.88626918  .00029083  00000+0  64048-3 0  9992
2 45663  53.0237 263.3788 0001618   2.4049 357.6963 15.43734813322799
STARLINK-1448           
1 45665U 20035J   26089.09699792  .00124358  00000+0  17071-2 0  9992
2 45665  53.0496 314.1585 0007192 162.4561 197.6699 15.56422908322091
STARLINK-1451           
1 45668U 20035M   26089.12479284  .00028019  00000+0  16655-2 0  9995
2 45668  53.0533 333.7258 0001990  96.8471 263.2747 15.11087065321837
STARLINK-1452           
1 45669U 20035N   26088.97054122  .00048891  00000+0  91892-3 0  9995
2 45669  53.0302 284.8615 0005174 131.8626 228.2823 15.48108731322500
STARLINK-1453           
1 45670U 20035P   26089.02039660  .00140986  00000+0  19064-2 0  9992
2 45670  53.0459 275.0773 0003206 129.9958 230.1335 15.56781057322532
STARLINK-1454           
1 45671U 20035Q   26087.92874086  .00099820  00000+0  14617-2 0  9998
2 45671  53.0498 320.1268 0007087 139.8553 220.2982 15.54779347321904
STARLINK-1456           
1 45673U 20035S   26089.03834509  .00103865  00000+0  16086-2 0  9997
2 45673  53.0478 308.4567 0002501 205.1453 154.9435 15.53242004322188
STARLINK-1457           
1 45674U 20035T   26089.00002314  .00288188  00000+0  11767-2 0  9999
2 45674  53.0430 280.2801 0004417 159.9812 111.6452 15.84802906  5744
STARLINK-1458           
1 45675U 20035U   26088.02972353  .00076693  00000+0  15712-2 0  9990
2 45675  53.0532 323.5086 0006379 148.4347 211.7042 15.45405394321845
STARLINK-1460           
1 45676U 20035V   26089.04257493  .00000510  00000+0  29376-4 0  9993
2 45676  53.1614 330.4105 0001542  90.5108 269.6070 15.30184394321836
STARLINK-1392           
1 45677U 20035W   26089.04631208  .00001299  00000+0  57353-4 0  9995
2 45677  53.1550 330.3225 0001456  92.1530 267.9637 15.29344904321876
STARLINK-1394           
1 45679U 20035Y   26089.03549846  .00101884  00000+0  15751-2 0  9997
2 45679  53.0480 298.6951 0003795 218.2026 141.8715 15.53296199322316
STARLINK-1402           
1 45685U 20035AE  26088.94799279  .00092071  00000+0  17270-2 0  9995
2 45685  53.0464 286.7001 0002828 276.1390  83.9294 15.47894577322485
STARLINK-1404           
1 45686U 20035AF  26089.25002314  .00001705  00000+0  56706-4 0  9991
2 45686  53.1599 313.9580 0001406 102.2261 271.6545 15.37159470  5857
STARLINK-1413           
1 45689U 20035AJ  26089.01508735  .00002256  00000+0  88283-4 0  9993
2 45689  53.1614 315.1694 0001429  98.6993 261.4170 15.30197332322005
STARLINK-1417           
1 45693U 20035AN  26089.07406243  .00011004  00000+0  62379-3 0  9993
2 45693  53.0520 321.8406 0001797 302.6943  57.3876 15.13470443321980
STARLINK-1420           
1 45695U 20035AQ  26088.91556655  .00153805  00000+0  20194-2 0  9994
2 45695  53.0507 284.5473 0004084 202.8021 157.2810 15.57517216322501
STARLINK-1422           
1 45696U 20035AR  26087.91208899 -.00002635  00000+0 -76823-4 0  9996
2 45696  53.1598 320.2979 0001307  76.5304 283.5843 15.30215148321910
STARLINK-1351           
1 45697U 20035AS  26089.03845573  .00117742  00000+0  16416-2 0  9992
2 45697  53.0494 283.3585 0004238 222.8866 137.1814 15.56048026322530
STARLINK-1400           
1 45700U 20035AV  26089.16196083  .00115349  00000+0  17294-2 0  9992
2 45700  53.0484 284.3831 0006646 175.0259 185.0818 15.54065257322527
STARLINK-1403           
1 45701U 20035AW  26088.98872977  .00003039  00000+0  11756-3 0  9995
2 45701  53.1571 302.3424 0001562  84.4107 275.7072 15.29370889322253
STARLINK-1407           
1 45703U 20035AY  26089.25002314  .00016221  00000+0  16987-3 0  9996
2 45703  53.0305 215.2308 0005010 190.1968 263.1170 15.64606716  5881
STARLINK-1411           
1 45706U 20035BB  26089.13893807  .00145166  00000+0  13444-2 0  9996
2 45706  53.0406 241.1792 0003041 259.3290 100.7383 15.66554100323122
STARLINK-1423           
1 45710U 20035BF  26087.87742998  .00064738  00000+0  90428-3 0  9997
2 45710  53.0496 289.2939 0006997 191.1209 168.9648 15.56253082322334
STARLINK-1433           
1 45711U 20035BG  26089.09570362  .00125452  00000+0  15815-2 0  9995
2 45711  53.0477 282.1348 0006594 190.4334 169.6542 15.58699515322545
STARLINK-1434           
1 45712U 20035BH  26088.98038316  .00057025  00000+0  20234-2 0  9992
2 45712  53.0515 285.9193 0004070 163.8681 196.2448 15.28530570322491
STARLINK-1465           
1 45731U 20038B   26089.12786881  .00050247  00000+0  79214-3 0  9992
2 45731  53.0501 124.8537 0006047   4.1333 355.9725 15.53056057319553
STARLINK-1471           
1 45735U 20038F   26089.15804823  .00036039  00000+0  63660-3 0  9997
2 45735  53.0466  43.8790 0001652  28.0724 332.0373 15.50032312320703
STARLINK-1480           
1 45741U 20038M   26089.09652453  .00093660  00000+0  13639-2 0  9990
2 45741  53.0518 119.2299 0001929  61.3462 298.7741 15.54983436319640
STARLINK-1500           
1 45744U 20038Q   26089.18244304  .00031342  00000+0  89165-3 0  9992
2 45744  53.0350  96.5409 0003077   6.4412 353.6629 15.35883876319965
STARLINK-1504           
1 45746U 20038S   26089.14018233  .00046897  00000+0  70078-3 0  9994
2 45746  53.0228  43.4210 0001079  59.1153 300.9963 15.54578418320691
STARLINK-1506           
1 45747U 20038T   26089.02296595  .00010070  00000+0  39184-3 0  9998
2 45747  53.0749 108.2775 0003198 342.7920  17.2969 15.26621501319797
STARLINK-1464           
1 45751U 20038X   26089.20244875  .00074815  00000+0  15021-2 0  9997
2 45751  53.0497 106.9323 0004003   8.3212 351.7860 15.46017740319827
STARLINK-1477           
1 45754U 20038AA  26089.08432460  .00012827  00000+0  68726-3 0  9991
2 45754  53.0488 120.1817 0002912  39.0714 321.0489 15.15339986319621
STARLINK-1478           
1 45755U 20038AB  26088.21286411  .00109046  00000+0  13939-2 0  9994
2 45755  53.0488 103.2404 0004366   0.8833 359.2185 15.58414935319776
STARLINK-1493           
1 45759U 20038AF  26089.18630179  .00087776  00000+0  13497-2 0  9993
2 45759  53.0508 105.8660 0004753  64.0196 296.1302 15.53512068319826
STARLINK-1494           
1 45760U 20038AG  26089.17220826  .00152291  00000+0  85502-3 0  9990
2 45760  53.0484  49.4604 0006374  79.8341 280.3398 15.78298503320621
STARLINK-1502           
1 45764U 20038AL  26089.20794315  .00083933  00000+0  14560-2 0  9998
2 45764  53.0499 107.7813 0006006  55.8146 304.3430 15.50154685319815
STARLINK-1470           
1 45772U 20038AU  26089.20098668  .00049644  00000+0  17067-2 0  9991
2 45772  53.0434  78.9896 0003149  63.7281 296.4041 15.29626717320217
STARLINK-1482           
1 45773U 20038AV  26089.18176828  .00029485  00000+0  96332-3 0  9998
2 45773  53.1582  95.7482 0002496  69.2211 290.9057 15.31525606319985
STARLINK-1496           
1 45780U 20038BC  26088.18151162  .00106640  00000+0  17716-2 0  9996
2 45780  53.0514  84.3203 0001833 336.6918  23.4007 15.51275420320031
STARLINK-1513           
1 45786U 20038BJ  26089.19934382  .00000268  00000+0  21183-4 0  9991
2 45786  53.1599  95.8855 0001354  90.8929 269.2226 15.30183833319988
STARLINK-1522           
1 46027U 20055A   26089.14055906  .00031184  00000+0  19076-2 0  9997
2 46027  53.0653  34.2496 0002482 102.6543 257.4725 15.09989761311976
STARLINK-1523           
1 46028U 20055B   26089.09644439  .00116498  00000+0  39065-2 0  9999
2 46028  53.1584  31.9155 0000953  93.5216 266.5893 15.30014923312020
STARLINK-1526           
1 46029U 20055C   26089.08613838  .00006412  00000+0  23427-3 0  9998
2 46029  53.1565  31.9348 0001784 139.5798 220.5335 15.29364255312017
STARLINK-1555           
1 46032U 20055F   26089.20492563  .00005312  00000+0  19145-3 0  9996
2 46032  53.1581  31.4069 0001263  89.3027 270.8119 15.30180684312037
STARLINK-1556           
1 46033U 20055G   26088.13431968  .00028729  00000+0  10043-2 0  9994
2 46033  53.1570  36.3069 0001075  81.1566 278.9556 15.29347319311849
STARLINK-1557           
1 46034U 20055H   26089.10833906  .00006630  00000+0  24183-3 0  9999
2 46034  53.1582  31.6889 0001288  88.7714 271.3433 15.29361009311994
STARLINK-1558           
1 46035U 20055J   26089.13331804  .00106203  00000+0  35622-2 0  9999
2 46035  53.1596  31.7499 0001559  75.9163 284.2011 15.30060681312029
STARLINK-1560           
1 46036U 20055K   26089.10511067  .00003985  00000+0  15034-3 0  9997
2 46036  53.1588  31.7436 0001582  90.6837 269.4345 15.29358449312025
STARLINK-1567           
1 46038U 20055M   26089.31976914  .01154187  00000+0  13938-1 0  9999
2 46038  53.0889  29.2598 0001361 125.8506 234.2632 15.57376687312068
STARLINK-1569           
1 46039U 20055N   26089.13644543  .00004890  00000+0  17715-3 0  9993
2 46039  53.1583  31.7305 0001309 103.7238 256.3908 15.30193721312017
STARLINK-1582           
1 46043U 20055S   26089.14276654  .00005379  00000+0  19362-3 0  9996
2 46043  53.1603  31.6925 0001267  92.5633 267.5513 15.30196814312011
STARLINK-1591           
1 46045U 20055U   26089.10378645  .00000765  00000+0  37980-4 0  9998
2 46045  53.1631  31.8813 0001709  94.5889 265.5307 15.30193108311996
STARLINK-1524           
1 46047U 20055W   26089.09795661 -.00002191  00000+0 -61896-4 0  9999
2 46047  53.1628  19.0485 0001827 111.7887 248.3308 15.30187728312192
STARLINK-1527           
1 46048U 20055X   26089.10430773 -.00002325  00000+0 -66410-4 0  9998
2 46048  53.1625  19.1181 0001217  93.6543 266.4597 15.30190641312171
STARLINK-1540           
1 46051U 20055AA  26089.19277002  .00001288  00000+0  55631-4 0  9993
2 46051  53.1612  18.6081 0001419  90.5588 269.5576 15.30191761312224
STARLINK-1541           
1 46052U 20055AB  26089.05161050 -.00001883  00000+0 -51496-4 0  9992
2 46052  53.1614  19.3054 0001388  92.2197 267.8962 15.30185546312162
STARLINK-1543           
1 46053U 20055AC  26089.18855629  .00003511  00000+0  13058-3 0  9998
2 46053  53.1618  18.6938 0001157 100.1983 259.9148 15.30203984312217
STARLINK-1548           
1 46054U 20055AD  26089.06531647  .00002767  00000+0  10561-3 0  9995
2 46054  53.1620  19.2675 0001738 105.4350 254.6843 15.30176935312193
STARLINK-1554           
1 46055U 20055AE  26089.19384080  .00000865  00000+0  41325-4 0  9997
2 46055  53.1615  18.7953 0001407  97.5550 262.5610 15.30206034312214
STARLINK-1564           
1 46058U 20055AH  26089.06116290  .00001800  00000+0  72872-4 0  9993
2 46058  53.1615  19.7449 0001338  92.7597 267.3557 15.30200690312180
STARLINK-1570           
1 46059U 20055AJ  26089.09059545  .00000519  00000+0  29636-4 0  9992
2 46059  53.1606  19.1499 0001124  80.8848 279.2279 15.30196199312158
STARLINK-1572           
1 46060U 20055AK  26089.04216703  .00003977  00000+0  14636-3 0  9994
2 46060  53.1610  19.5834 0001502  93.0259 267.0913 15.30196519312150
STARLINK-1573           
1 46061U 20055AL  26089.07478014  .00002971  00000+0  11242-3 0  9996
2 46061  53.1625  19.1773 0001101  84.3370 275.7756 15.30196446312191
STARLINK-1577           
1 46063U 20055AN  26089.10111304  .00000457  00000+0  27566-4 0  9992
2 46063  53.1600  19.0252 0001035  99.8560 260.2558 15.30189447312197
STARLINK-1583           
1 46064U 20055AP  26089.20225196  .00001432  00000+0  60475-4 0  9999
2 46064  53.1637  18.5883 0001566  95.3209 264.7970 15.30197326312206
STARLINK-1525           
1 46066U 20055AR  26089.21237873  .00084471  00000+0  27986-2 0  9999
2 46066  53.0577   1.7493 0001587 147.3668 212.7429 15.30580106312430
STARLINK-1536           
1 46070U 20055AV  26089.25002314  .00071184  00000+0  42916-2 0  9995
2 46070  53.0569   4.2824 0000924  85.4507 288.3583 15.10126285  5677
STARLINK-1542           
1 46073U 20055AY  26089.04488964 -.00000578  00000+0 -19891-4 0  9993
2 46073  53.0542   5.2404 0001341  92.5834 267.5309 15.06399658312376
STARLINK-1549           
1 46074U 20055AZ  26088.10057512  .00092321  00000+0  60202-2 0  9996
2 46074  53.0565   9.4716 0001878 100.4469 259.6732 15.07106078312221
STARLINK-1551           
1 46075U 20055BA  26089.18860985  .00005181  00000+0  36622-3 0  9990
2 46075  53.0563   4.5952 0001554  87.7044 272.4123 15.06425456312393
STARLINK-1552           
1 46076U 20055BB  26089.14810193 -.00002197  00000+0 -12870-3 0  9998
2 46076  53.0540   4.7763 0001487  92.0379 268.0780 15.06375457312379
STARLINK-1559           
1 46077U 20055BC  26088.99854432  .00051331  00000+0  16623-2 0  9996
2 46077  53.0267 339.2616 0004061 112.0819 248.0612 15.31541569312696
STARLINK-1566           
1 46079U 20055BE  26089.03382514  .00005779  00000+0  40645-3 0  9998
2 46079  53.0541   5.2899 0001596  87.2603 272.8569 15.06406322312370
STARLINK-1568           
1 46080U 20055BF  26089.16280365  .00045070  00000+0  84812-3 0  9997
2 46080  53.0609 295.1551 0005340 185.2625 174.8327 15.48109780313363
STARLINK-1578           
1 46082U 20055BH  26089.25002314  .00083196  00000+0  50114-2 0  9993
2 46082  53.0537   4.2917 0001561  64.6303 324.2652 15.10075010  5787
STARLINK-1579           
1 46083U 20055BJ  26089.08448465 -.00001049  00000+0 -51531-4 0  9991
2 46083  53.0537   5.0545 0001383  93.5531 266.5616 15.06389823312379
STARLINK-1585           
1 46117U 20057A   26089.25002314  .00640327  19410-3  12355-2 0  9993
2 46117  53.0342 142.2208 0007492  19.8406 358.0484 15.99818241  6003
STARLINK-1593           
1 46119U 20057C   26089.25002314  .00282031  00000+0  12800-2 0  9995
2 46119  53.0406 167.4530 0005046   3.3276 348.5183 15.82580318  5977
STARLINK-1621           
1 46127U 20057L   26089.25002314  .00290628  00000+0  10949-2 0  9997
2 46127  53.0415 140.2548 0007979   1.1373 193.3533 15.86435112  5986
STARLINK-1622           
1 46128U 20057M   26088.09905064  .00093252  00000+0  83215-3 0  9994
2 46128  53.0218 128.7444 0002598 318.7814  41.3005 15.67682426310406
STARLINK-1623           
1 46129U 20057N   26089.00002314  .00173224  00000+0  23342-2 0  9995
2 46129  53.0477 157.8231 0003648 293.1913 344.0793 15.56747242  5824
STARLINK-1624           
1 46130U 20057P   26089.14105565  .00202815  00000+0  13586-2 0  9992
2 46130  53.0411 131.0576 0009056  30.3647 329.7894 15.74095787311714
STARLINK-1625           
1 46131U 20057Q   26089.25002314  .00635928  19187-3  12131-2 0  9993
2 46131  53.0390 143.3019 0009266 359.3553 138.0128 15.99986221  5790
STARLINK-1596           
1 46141U 20057AA  26089.10670416  .00091409  00000+0  17129-2 0  9994
2 46141  53.0406 133.3422 0001900 358.7378   1.3623 15.47928332310435
STARLINK-1597           
1 46142U 20057AB  26089.00002314  .00123775  00000+0  14601-2 0  9994
2 46142  53.0464 198.1847 0004420 262.4435 204.3897 15.60467268  5884
STARLINK-1606           
1 46144U 20057AD  26089.16829222  .00164729  00000+0  13886-2 0  9996
2 46144  53.0439 155.6998 0005196  12.2596 347.8545 15.68788839298372
STARLINK-1608           
1 46146U 20057AF  26087.65006918  .00016017  00000+0  55113-3 0  9995
2 46146  53.1575 221.2271 0000978  83.8128 276.2984 15.30234784309085
STARLINK-1667           
1 46155U 20057AQ  26089.10078645  .00126177  00000+0  10742-2 0  9990
2 46155  53.0218 124.3171 0002055 317.9611  42.1247 15.68698715311798
STARLINK-1545           
1 46156U 20057AR  26088.22706699  .00120190  00000+0  11343-2 0  9997
2 46156  53.0426 162.6934 0006129  22.1612 337.9666 15.66165706311195
STARLINK-1595           
1 46159U 20057AU  26089.02492364  .00126546  00000+0  18836-2 0  9995
2 46159  53.0479 198.7653 0001824 230.6552 129.4296 15.54234378310764
STARLINK-1598           
1 46160U 20057AV  26088.99172115  .00149705  00000+0  21352-2 0  9990
2 46160  53.0512 185.7104 0006334 332.4848  27.5826 15.55288207310938
STARLINK-1612           
1 46164U 20057AZ  26089.25002314  .00363129  61133-4  10841-2 0  9995
2 46164  53.0284 107.7572 0007025  25.2603 276.7901 15.91853899  5944
STARLINK-1626           
1 46167U 20057BC  26088.01455352  .00115582  00000+0  14551-2 0  9996
2 46167  53.0457 200.6205 0002697 248.1561 111.9164 15.58796879309398
STARLINK-1627           
1 46168U 20057BD  26089.07062965  .00215578  00000+0  12163-2 0  9991
2 46168  53.0392 123.2856 0006370  62.3212 297.8453 15.77995620310562
STARLINK-1633           
1 46171U 20057BG  26089.17795328  .00133986  00000+0  13595-2 0  9994
2 46171  53.0425 159.0118 0008536  11.6898 348.4312 15.64271795311333
STARLINK-1635           
1 46172U 20057BH  26088.91193130  .00111640  00000+0  10806-2 0  9994
2 46172  53.0426 158.6219 0007747  38.5879 321.5688 15.65554254311313
STARLINK-1640           
1 46173U 20057BJ  26089.13544494  .00097365  00000+0  12650-2 0  9999
2 46173  53.0479 200.0889 0004354 251.6069 108.4469 15.58035701309495
STARLINK-1641           
1 46174U 20057BK  26087.98108318  .00051312  00000+0  84207-3 0  9992
2 46174  53.0482 192.2533 0002675   3.3404 356.7622 15.51943737309508
STARLINK-1654           
1 46326U 20062B   26089.01209970  .00162101  00000+0  11135-2 0  9997
2 46326  53.0406 232.9811 0006643   2.5457 357.5593 15.73666488308113
STARLINK-1686           
1 46328U 20062D   26089.00002314  .00157767  00000+0  97617-3 0  9993
2 46328  53.0419 213.5697 0009911 348.4680 264.3514 15.76051730  5985
STARLINK-1695           
1 46329U 20062E   26089.00002314  .00123426  00000+0  15579-2 0  9995
2 46329  53.0456 238.1953 0003431 244.3470   3.9467 15.58691167  5930
STARLINK-1719           
1 46331U 20062G   26089.11037684  .00168126  00000+0  18123-2 0  9992
2 46331  53.0416 239.2879 0007262 339.9449  20.1278 15.62614135308034
STARLINK-1727           
1 46335U 20062L   26088.98692647  .00202617  00000+0  13368-2 0  9996
2 46335  53.0396 235.6280 0008428 353.1554   6.9348 15.74455309308074
STARLINK-1759           
1 46340U 20062R   26089.00002314  .00091340  00000+0  92353-3 0  9993
2 46340  53.0212 231.4493 0002465 334.4947 183.5700 15.64577006  5942
STARLINK-1762           
1 46342U 20062T   26087.93824350  .00051842  00000+0  17145-2 0  9995
2 46342  53.1588 281.5567 0000688  50.5267 309.5795 15.30868611307346
STARLINK-1764           
1 46343U 20062U   26089.00002314  .00052742  00000+0  40501-3 0  9997
2 46343  53.0409 216.7978 0005147 353.8955 146.4811 15.71541717  5816
STARLINK-1765           
1 46344U 20062V   26088.80342080  .01765490  23671-2  19881-2 0  9992
2 46344  53.0306 198.1966 0010602 329.1325  30.9083 16.09125175308577
STARLINK-1547           
1 46347U 20062Y   26088.23755694  .00135313  00000+0  11816-2 0  9993
2 46347  53.0353 182.7104 0002893 305.2594  54.8151 15.68042989308735
STARLINK-1553           
1 46348U 20062Z   26089.04628427  .00029530  00000+0  79609-3 0  9995
2 46348  53.0375 211.0763 0002946 221.4703 138.6076 15.37589771308421
STARLINK-1575           
1 46349U 20062AA  26089.25002314  .00602956  16985-3  12259-2 0  9999
2 46349  53.0214 157.9120 0007663 338.1717 167.0755 15.98893919  5907
STARLINK-1646           
1 46351U 20062AC  26087.74167024  .00172524  00000+0  21189-2 0  9996
2 46351  53.0436 242.8138 0003644 241.8099 118.2545 15.59221599307879
STARLINK-1653           
1 46352U 20062AD  26089.19822350  .00157944  00000+0  16014-2 0  9998
2 46352  53.0418 222.2857 0010337 328.8714  31.1686 15.64181091308280
STARLINK-1656           
1 46353U 20062AE  26089.05211241  .00123378  00000+0  17273-2 0  9997
2 46353  53.0470 261.2392 0003811 267.3498  92.7076 15.55914607307711
STARLINK-1657           
1 46354U 20062AF  26089.25002314  .00725629  24644-3  14901-2 0  9995
2 46354  53.0381 224.4452 0012018 329.7883 117.9425 15.98635581  5958
STARLINK-1661           
1 46355U 20062AG  26088.90922309  .00063318  00000+0  20682-2 0  9991
2 46355  53.1593 277.0328 0000361  41.5262 318.5767 15.31178868307498
STARLINK-1665           
1 46356U 20062AH  26087.85307915  .00115433  00000+0  10151-2 0  9991
2 46356  53.0395 242.6666 0005650 334.7607  25.3131 15.67934721307874
STARLINK-1666           
1 46357U 20062AJ  26088.85847934  .00178325  00000+0  19032-2 0  9999
2 46357  53.0444 236.0458 0003600 248.6343 111.4286 15.62853656308050
STARLINK-1707           
1 46359U 20062AL  26087.97224760  .00104262  00000+0  89936-3 0  9999
2 46359  53.0235 179.5683 0001939 301.6095  58.4731 15.68467141308767
STARLINK-1724           
1 46375U 20062BC  26088.99634619  .00143997  00000+0  19089-2 0  9997
2 46375  53.0279 188.9941 0005964 358.2577   1.8412 15.57288305308724
STARLINK-1742           
1 46376U 20062BD  26089.25002314  .00432328  85515-4  11135-2 0  9991
2 46376  53.0218 151.3672 0003829 340.7446 173.7112 15.94661498  5990
STARLINK-1770           
1 46383U 20062BL  26087.75676692  .00072586  00000+0  67304-3 0  9995
2 46383  53.0400 222.0306 0004612 335.0048  25.0743 15.66833183308151
STARLINK-1771           
1 46384U 20062BM  26088.15613638  .00096479  00000+0  17365-2 0  9990
2 46384  53.0400 252.8407 0004655 323.1088  36.9599 15.49048210307759
STARLINK-1648           
1 46533U 20070B   26089.30838089  .10839954  12328-4  68759-3 0  9991
2 46533  53.0282  18.7772 0005930 230.3137 129.7387 16.41067097303522
STARLINK-1663           
1 46535U 20070D   26089.05562929  .00127207  00000+0  10618-2 0  9991
2 46535  53.0432  35.0478 0002069 174.3037 185.8003 15.69176507303278
STARLINK-1672           
1 46537U 20070F   26089.18203773  .00063513  00000+0  95539-3 0  9991
2 46537  53.0489  39.9777 0004761 114.8465 245.3040 15.54257255303224
STARLINK-1678           
1 46538U 20070G   26089.05158176  .00126363  00000+0  11282-2 0  9999
2 46538  53.0442  11.6513 0001397 134.4173 225.6956 15.67534077303608
STARLINK-1664           
1 46553U 20070X   26089.10754322  .00080546  00000+0  18891-2 0  9992
2 46553  53.0495  36.3663 0001936  86.7241 273.3985 15.41381755303266
STARLINK-1676           
1 46556U 20070AA  26089.15304022  .00132989  00000+0  18870-2 0  9994
2 46556  53.0447  46.3503 0003087 110.1984 249.9359 15.55511205303135
STARLINK-1679           
1 46557U 20070AB  26089.08164141  .00160488  00000+0  17055-2 0  9992
2 46557  53.0459  24.7587 0001022 249.2988 110.7916 15.63032336303424
STARLINK-1680           
1 46558U 20070AC  26089.25002314  .00318914  00000+0  13436-2 0  9993
2 46558  53.0387   6.3425 0005261 108.3778 168.0320 15.84062555  5932
STARLINK-1681           
1 46559U 20070AD  26089.25002314  .00389938  00000+0  13871-2 0  9991
2 46559  53.0457 330.9030 0003018 124.5857  63.7411 15.87398149  5931
STARLINK-1714           
1 46562U 20070AG  26089.19937178  .00122981  00000+0  17935-2 0  9991
2 46562  53.0458  17.3812 0000980 203.5405 156.5560 15.54809140303548
STARLINK-1730           
1 46563U 20070AH  26089.08748447  .00103420  00000+0  19878-2 0  9994
2 46563  53.0317  25.1463 0002829  83.8379 276.2950 15.47133513303421
STARLINK-1733           
1 46564U 20070AJ  26089.04130745  .00452265  00000+0  22049-2 0  9995
2 46564  53.0419   5.6910 0001357 136.8841 223.2286 15.80592769303673
STARLINK-1735           
1 46565U 20070AK  26089.19474524  .00113602  00000+0  10593-2 0  9998
2 46565  53.0430  18.3554 0003887 230.3512 129.7160 15.66503845303523
STARLINK-1741           
1 46567U 20070AM  26089.09241480  .00150947  00000+0  13271-2 0  9991
2 46567  53.0432  17.5512 0002840 204.6978 155.3902 15.67817909303530
STARLINK-1531           
1 46572U 20070AS  26089.15851562  .00131674  00000+0  11596-2 0  9996
2 46572  53.0540  39.0134 0005390 337.1844  22.8932 15.67837329303238
STARLINK-1677           
1 46576U 20070AW  26089.20499023  .00146587  00000+0  11578-2 0  9995
2 46576  53.0381  23.1366 0003105 146.0022 214.1194 15.70435230303463
STARLINK-1683           
1 46578U 20070AY  26089.25002314  .00350316  57510-4  10542-2 0  9995
2 46578  53.0067 327.3458 0002226 159.3170 110.2118 15.91746482  5997
STARLINK-1728           
1 46582U 20070BC  26089.09886096  .00136588  00000+0  18290-2 0  9997
2 46582  53.0410  26.7219 0002595 208.9058 151.1809 15.57062081303400
STARLINK-1736           
1 46585U 20070BF  26089.25002314  .00101070  00000+0  76972-3 0  9991
2 46585  53.0422  14.4700 0002281 167.4749 198.3826 15.71483787  5961
STARLINK-1746           
1 46588U 20070BJ  26089.17453159  .00215042  00000+0  11561-2 0  9999
2 46588  53.0398  12.8660 0003539 181.1878 178.9135 15.79088545303606
STARLINK-1716           
1 46672U 20073C   26088.20160135  .00133426  00000+0  11456-2 0  9996
2 46672  53.0431 105.1699 0009058  38.6377 321.5285 15.68419686300766
STARLINK-1718           
1 46674U 20073E   26089.16375840  .00126415  00000+0  15267-2 0  9999
2 46674  53.0478 128.5942 0007608  14.2964 345.8262 15.59819409300514
STARLINK-1775           
1 46681U 20073M   26089.25002314  .00301692  00000+0  11553-2 0  9996
2 46681  53.0400 107.0511 0004524  58.5344  72.3511 15.86099777  5988
STARLINK-1781           
1 46685U 20073R   26089.17060792  .00121752  00000+0  14778-2 0  9994
2 46685  53.0495 143.9187 0006950  14.3147 345.8061 15.59712096300296
STARLINK-1784           
1 46687U 20073T   26089.01720823  .00115961  00000+0  10863-2 0  9993
2 46687  53.0421  87.0564 0006300  23.5755 336.5547 15.66364282301082
STARLINK-1788           
1 46689U 20073V   26087.53729379  .00094524  00000+0  88353-3 0  9996
2 46689  53.0408 126.0322 0004460  39.1848 320.9489 15.66523491301650
STARLINK-1790           
1 46691U 20073X   26089.25002314  .00154065  00000+0  79799-3 0  9994
2 46691  53.0379  95.9156 0001515  57.1207 330.8415 15.80097424  5867
STARLINK-1795           
1 46696U 20073AC  26089.20295707  .00151962  00000+0  11335-2 0  9998
2 46696  53.0402  79.5245 0004314 102.9814 257.1685 15.71778636301207
STARLINK-1797           
1 46698U 20073AE  26087.50244235  .00073557  00000+0  95141-3 0  9992
2 46698  53.0436 117.6279 0005825  73.4296 286.7355 15.58269764300529
STARLINK-1799           
1 46699U 20073AF  26089.25002314  .00282860  00000+0  11786-2 0  9998
2 46699  53.0396  92.2244 0004709   3.2864 210.6441 15.84390288  5986
STARLINK-1800           
1 46700U 20073AG  26089.25002314  .00300634  43926-4  10333-2 0  9997
2 46700  53.0354 105.5460 0008042  34.9838 257.6495 15.89119721  5994
STARLINK-1801           
1 46701U 20073AH  26089.04085303  .00188315  00000+0  11108-2 0  9996
2 46701  53.0427  96.7225 0004020 322.7254  37.3486 15.77092897300956
STARLINK-1802           
1 46702U 20073AJ  26089.08335086  .00058763  00000+0  19205-2 0  9996
2 46702  53.1604 122.2985 0001963  76.6288 283.4932 15.31192855300605
STARLINK-1805           
1 46705U 20073AM  26087.86856455  .00075377  00000+0  10810-2 0  9994
2 46705  53.0501 151.0406 0005641 344.3163  15.7672 15.55484402300082
STARLINK-1807           
1 46706U 20073AN  26087.85713020  .00040759  00000+0  16013-2 0  9991
2 46706  53.0620 139.9145 0001192 301.5264  58.5617 15.25320008300244
STARLINK-1810           
1 46709U 20073AR  26089.15203343  .00090074  00000+0  15509-2 0  9995
2 46709  53.0461 133.9800 0002440 340.1402  19.9511 15.50348027300436
STARLINK-1815           
1 46713U 20073AV  26089.19384960  .00142290  00000+0  10091-2 0  9998
2 46713  53.0426 100.7837 0006892  53.1429 307.0220 15.72984018300909
STARLINK-1816           
1 46714U 20073AW  26089.05032400  .00216009  00000+0  11262-2 0  9994
2 46714  53.0378  97.0380 0002872  63.7428 296.3888 15.79764625300948
STARLINK-1817           
1 46715U 20073AX  26087.36485964  .00083676  00000+0  81318-3 0  9996
2 46715  53.0469 125.8186 0006198 353.5529   6.5405 15.65593742300391
STARLINK-1820           
1 46717U 20073AZ  26089.16559748  .00979122  53828-3  12256-2 0  9994
2 46717  53.0322  57.2615 0003582  98.5072 261.6366 16.07133467301515
STARLINK-1821           
1 46718U 20073BA  26088.14300641  .00096486  00000+0  23257-2 0  9994
2 46718  53.0466 134.7190 0002544 316.4116  43.6687 15.40466838300343
STARLINK-1826           
1 46723U 20073BF  26089.00002314  .00043476  00000+0  44014-3 0  9998
2 46723  53.0459  81.1659 0002393 317.0504 200.9102 15.64859840  5950
STARLINK-1828           
1 46725U 20073BH  26089.16342647  .00108338  00000+0  14334-2 0  9993
2 46725  53.0524 137.3732 0004978  45.0365 315.1049 15.57496748300396
STARLINK-1830           
1 46727U 20073BK  26089.00002314  .00150023  00000+0  18433-2 0  9994
2 46727  53.0418  84.8475 0004897  75.0422 110.2875 15.59291325  5880
STARLINK-1892           
1 46743U 20074E   26087.59768840  .00114253  00000+0  17042-2 0  9998
2 46743  53.0447 202.4469 0001182  56.8520 303.2603 15.54230954300013
STARLINK-1894           
1 46744U 20074F   26089.25002314  .00439108  85340-4  12941-2 0  9998
2 46744  53.0384 173.6987 0009727   4.4678  36.0295 15.92036166  5947
STARLINK-1905           
1 46746U 20074H   26087.99663730  .00105741  00000+0  95045-3 0  9999
2 46746  53.0449 188.8377 0005201   8.4980 351.6123 15.67438873300234
STARLINK-1911           
1 46749U 20074L   26089.00002314  .00202871  00000+0  11475-2 0  9997
2 46749  53.0477 177.3282 0005775  19.0545 290.7152 15.77981613  5982
STARLINK-1922           
1 46753U 20074Q   26088.98688901  .00131060  00000+0  11264-2 0  9997
2 46753  53.0455 183.9352 0005795  24.9078 335.2216 15.68434056300395
STARLINK-1928           
1 46758U 20074V   26088.96498042  .00134723  00000+0  10419-2 0  9995
2 46758  53.0433 184.5546 0004919  38.9919 321.1451 15.70975142300387
STARLINK-1832           
1 46780U 20074AT  26089.25002314  .00308062  00000+0  12412-2 0  9990
2 46780  53.0382 164.3252 0004405   6.2775 353.7467 15.85030137  5981
STARLINK-1835           
1 46782U 20074AV  26088.21805737  .00125706  00000+0  13546-2 0  9998
2 46782  53.0447 179.5986 0008031  39.4090 320.7506 15.62776839300385
STARLINK-1882           
1 46784U 20074AX  26088.94283917  .00119446  00000+0  11006-2 0  9993
2 46784  53.0514 175.5187 0001790 289.3578  70.7244 15.66782509300503
STARLINK-1893           
1 46786U 20074AZ  26088.90784549  .00115897  00000+0  18161-2 0  9993
2 46786  53.0485 167.0547 0004749  35.4218 324.7105 15.52854727300624
STARLINK-1931           
1 46790U 20074BD  26088.97380766  .00136874  00000+0  11377-2 0  9998
2 46790  53.0436 183.3457 0005456  26.7743 333.3554 15.69228575300390
STARLINK-1934           
1 46792U 20074BF  26089.25002314  .00361209  00000+0  12094-2 0  9991
2 46792  53.0391 162.9628 0006622  12.7677  24.1472 15.88669220  5935
STARLINK-1942           
1 46794U 20074BH  26088.01902250  .00089418  00000+0  15321-2 0  9999
2 46794  53.0453 201.5921 0003751  24.7298 335.3889 15.50485955300065
STARLINK-1944           
1 46796U 20074BK  26087.54285336  .00106726  00000+0  91546-3 0  9993
2 46796  53.0446 178.1038 0005564   7.8974 352.2128 15.68579750300345
