ISS (ZARYA)             
1 25544U 98067A   26089.16515939  .00012299  00000+0  23377-3 0  9991
2 25544  51.6344 331.1363 0006182 249.8594 110.1729 15.48649502559502
POISK                   
1 36086U 09060A   26089.16515939  .00012299  00000+0  23377-3 0  9999
2 36086  51.6344 331.1363 0006182 249.8594 110.1729 15.48649502559303
CSS (TIANHE)            
1 48274U 21035A   26087.97092897  .00015046  00000+0  17362-3 0  9997
2 48274  41.4668  90.7542 0003972  51.5615 308.5580 15.61596075280629
ISS (NAUKA)             
1 49044U 21066A   26089.16515939  .00012299  00000+0  23377-3 0  9997
2 49044  51.6344 331.1363 0006182 249.8594 110.1729 15.48649502559345
FREGAT DEB              
1 49271U 11037PF  26089.14910876  .00012605  00000+0  17979-1 0  9993
2 49271  51.6449 239.3197 0960080 106.3217 264.5285 12.40782375215235
CSS (WENTIAN)           
1 53239U 22085A   26087.97092897  .00015046  00000+0  17362-3 0  9990
2 53239  41.4668  90.7542 0003972  51.5615 308.5580 15.61596075280851
CSS (MENGTIAN)          
1 54216U 22143A   26087.97092897  .00015046  00000+0  17362-3 0  9991
2 54216  41.4668  90.7542 0003972  51.5615 308.5580 15.61596075280857
TIANZHOU-9              
1 64786U 25149A   26087.97092897  .00015046  00000+0  17362-3 0  9993
2 64786  41.4668  90.7542 0003972  51.5615 308.5580 15.61596075280850
PROGRESS-MS 32          
1 65586U 25204A   26087.87455012  .00011057  00000+0  21128-3 0  9998
2 65586  51.6344 337.5169 0006219 244.1555 115.8792 15.48616916554502
YOTSUBA-KULOVER         
1 65941U 98067XN  26088.99657778  .00462208  94124-4  13311-2 0  9994
2 65941  51.6180 311.1361 0006166 223.6386 136.4134 15.92487304 26725
BOTAN                   
1 65943U 98067XQ  26089.00855513  .00423892  79588-4  12860-2 0  9997
2 65943  51.6208 311.2426 0006504 220.2034 139.8492 15.91493088 26729
HRC MONOBLOCK CAMERA    
1 66052U 98067XR  26089.02844057  .00063762  00000+0  65251-3 0  9999
2 66052  51.6281 322.7193 0003848 189.1850 170.9075 15.64384044 25573
HTV-X1                  
1 66174U 25241A   26089.12682794  .00002951  00000+0  10430-3 0  9999
2 66174  51.6383 334.5767 0007240 251.7860 108.2334 15.32482441 24077
SZ-21 MODULE            
1 66515U 25246C   26089.05551850  .00049221  00000+0  39517-3 0  9991
2 66515  41.4737  77.8431 0001949 214.4344 145.6372 15.70142049 21279
SHENZHOU-22             
1 66645U 25272A   26087.97092897  .00015046  00000+0  17362-3 0  9996
2 66645  41.4668  90.7542 0003972  51.5615 308.5580 15.61596075280856
SOYUZ-MS 28             
1 66664U 25275A   26089.16515939  .00012299  00000+0  23377-3 0  9990
2 66664  51.6344 331.1363 0006182 249.8594 110.1729 15.48649502559588
DUPLEX                  
1 66906U 98067XS  26088.93397782  .00037673  00000+0  50515-3 0  9993
2 66906  51.6302 328.0938 0003040 205.3120 154.7723 15.57578129 18287
ISS OBJECT XT           
1 66907U 98067XT  26089.04167207  .00273970  00000+0  16026-2 0  9994
2 66907  51.6239 321.2742 0006253 212.1328 147.9292 15.76980262 18382
ISS OBJECT XU           
1 66908U 98067XU  26089.03767942  .00274217  00000+0  15861-2 0  9997
2 66908  51.6244 321.2426 0006488 211.6504 148.4107 15.77231369 18387
SILVERSAT               
1 66909U 98067XV  26089.05056188  .00407211  00000+0  17961-2 0  9998
2 66909  51.6206 319.8153 0007441 218.1968 141.8508 15.82812364 18403
ISS OBJECT XW           
1 66910U 98067XW  26089.04994753  .00236237  00000+0  14855-2 0  9995
2 66910  51.6227 321.3222 0006600 209.0405 151.0228 15.75441694 18389
ISS OBJECT XX           
1 66911U 98067XX  26089.04986755  .00585789  14316-3  19125-2 0  9992
2 66911  51.6172 318.2730 0009432 222.9554 137.0716 15.89992483 18415
ISS OBJECT XY           
1 66912U 98067XY  26089.00591400  .00135548  00000+0  11880-2 0  9993
2 66912  51.6265 324.0610 0004509 207.7928 152.2828 15.67909669 18331
KNACKSAT-2              
1 67683U 98067XZ  26089.06615953  .00053219  00000+0  82160-3 0  9999
2 67683  51.6326 330.4771 0010084 259.9435 100.0418 15.53540643  7951
CORAL                   
1 67684U 98067YA  26089.05913556  .00109870  00000+0  14285-2 0  9996
2 67684  51.6303 329.6801 0012880 249.3222 110.6389 15.57840895  7965
GXIBA-1                 
1 67685U 98067YB  26089.05572195  .00057636  00000+0  87009-3 0  9994
2 67685  51.6323 330.4074 0012014 256.8362 103.1288 15.54098207  7950
UITMSAT-2               
1 67686U 98067YC  26089.04035350  .00070850  00000+0  10299-2 0  9990
2 67686  51.6316 330.3073 0009168 228.7087 131.3115 15.55077953  7957
HMU-SAT2                
1 67687U 98067YD  26089.06085105  .00055756  00000+0  85130-3 0  9991
2 67687  51.6327 330.4447 0008690 231.6398 128.3812 15.53840190  7873
LEOPARD                 
1 67688U 98067YE  26088.91879910  .00064720  00000+0  95831-3 0  9990
2 67688  51.6326 330.9957 0008837 228.8884 131.1345 15.54617115  7856
CREW DRAGON 12          
1 67796U 26031A   26089.16515939  .00012299  00000+0  23377-3 0  9998
2 67796  51.6344 331.1363 0006182 249.8594 110.1729 15.48649502559462
PROGRESS-MS 33          
1 68319U 26058A   26089.16515939  .00012299  00000+0  23377-3 0  9999
2 68319  51.6344 331.1363 0006182 249.8594 110.1729 15.48649502   971
